44
0.005290679665892867
0.006061762681606543
0.006939669902496958
0.007937104489553922
0.00906745443281241
0.010344429055185683
0.011781508311136737
0.013391070896201136
0.015183118306588698
0.017163497949673322
0.019331427423013567
0.021676302766591892
0.02417376163820444
0.026780649414783562
0.0294303096948012
0.032027685862891994
0.03444710648034822
0.03653364818032873
0.03811161930368434
0.039001932311524774
0.03929115094482437
0.039517041315869784
0.039697694605990215
0.03982310641811157
0.03988329146680819
0.03970112065866214
0.03878830178026058
0.03720521033138628
0.03508964804106009
0.03259713237130741
0.029880802777258485
0.02707663238088246
0.024294924274224743
0.021618085345622512
0.01910221000691287
0.016781053716657484
0.014670776719033623
0.012774503867891356
0.01108642551502741
0.009594978455946241
0.008285245076715943
0.007140735943249137
0.006144638657020785
0.00528055056195528
